4.45871270365664 8.59935793478076
25.48047250600952 8.259212320607725
6.538564170938034 5.514532274776623
35.9729752973047 33.7520259806791
41.6599880187493 27.18417778608341
40.95470165873724 31.005750215209314
36.54103814486326 23.428303786966605
41.979819975221154 18.20072006938127
32.850786232612826 25.270809551977685
44.014542112234984 31.638253846247633
40.495532239899426 25.580353092477253
33.303571052275515 28.761857802841806
35.20314650989943 26.297530640904398
41.74656564660847 34.510115955270955
38.02919534045747 24.8793789453412
43.12725589044555 25.936380735804367
34.28011199299071 24.59389643656746
30.260513560262297 32.734257854893244
31.81780431748934 17.140589490014385
31.2613964262487 9.601576419794814
38.39172294263879 7.300163045460884
31.76849250116765 10.338146965941451
38.41653351001293 10.045331207115474
